GG	1	1000	12108.0	50
RNG	1	1000	15798.5	50
GG	2	1000	13428.5	50
RNG	2	1000	16942.0	50
GG	3	1000	11647.0	50
RNG	3	1000	23490.5	50
GG	4	1000	15425.0	50
RNG	4	1000	18059.5	50
GG	5	1000	17054.5	50
RNG	5	1000	20438.5	50
GG	6	1000	17220.0	50
RNG	6	1000	22345.0	50
GG	7	1000	11990.5	50
RNG	7	1000	13526.5	50
GG	8	1000	15488.0	50
RNG	8	1000	18651.0	50
GG	9	1000	13663.5	50
RNG	9	1000	18636.5	50
GG	10	1000	10540.5	50
RNG	10	1000	15803.0	50
GG	11	1000	16261.0	50
RNG	11	1000	0.0	50
GG	12	1000	14730.5	50
RNG	12	1000	21331.0	50
GG	13	1000	0.0	50
RNG	13	1000	13309.0	50
GG	14	1000	13058.0	50
RNG	14	1000	0.0	50
GG	15	1000	13254.0	50
RNG	15	1000	16654.5	50
GG	16	1000	15812.0	50
RNG	16	1000	20710.5	50
GG	17	1000	14505.5	50
RNG	17	1000	18063.0	50
GG	18	1000	14096.0	50
RNG	18	1000	18503.5	50
GG	19	1000	13847.5	50
RNG	19	1000	17045.0	50
GG	20	1000	13479.0	50
RNG	20	1000	0.0	50
GG	21	1000	14408.0	50
RNG	21	1000	15214.0	50
GG	22	1000	14105.0	50
RNG	22	1000	15674.0	50
GG	23	1000	12361.0	50
RNG	23	1000	19862.5	50
GG	24	1000	15290.0	50
RNG	24	1000	16024.5	50
GG	25	1000	15406.0	50
RNG	25	1000	19452.0	50
GG	26	1000	14677.5	50
RNG	26	1000	17498.5	50
GG	27	1000	15832.5	50
RNG	27	1000	21433.5	50
GG	28	1000	16535.5	50
RNG	28	1000	21292.5	50
GG	29	1000	14739.5	50
RNG	29	1000	18854.0	50
GG	30	1000	13097.0	50
RNG	30	1000	26815.0	50
GG	31	1000	13025.0	50
RNG	31	1000	16957.0	50
GG	32	1000	14077.0	50
RNG	32	1000	0.0	50
GG	33	1000	11559.0	50
RNG	33	1000	15507.0	50
GG	34	1000	15239.5	50
RNG	34	1000	19282.5	50
GG	35	1000	15923.0	50
RNG	35	1000	16425.5	50
GG	36	1000	10491.0	50
RNG	36	1000	19176.0	50
GG	37	1000	16743.5	50
RNG	37	1000	19176.0	50
GG	38	1000	13285.5	50
RNG	38	1000	17843.0	50
GG	39	1000	15148.5	50
RNG	39	1000	18838.5	50
GG	40	1000	13518.0	50
RNG	40	1000	14192.0	50
GG	41	1000	15672.0	50
RNG	41	1000	18851.0	50
GG	42	1000	15112.0	50
RNG	42	1000	17712.0	50
GG	43	1000	15943.0	50
RNG	43	1000	19276.5	50
GG	44	1000	14319.5	50
RNG	44	1000	15502.0	50
GG	45	1000	16815.0	50
RNG	45	1000	17955.5	50
GG	46	1000	14137.5	50
RNG	46	1000	0.0	50
GG	47	1000	14126.0	50
RNG	47	1000	18692.5	50
GG	48	1000	14214.0	50
RNG	48	1000	16552.0	50
GG	49	1000	15312.0	50
RNG	49	1000	17944.0	50
GG	50	1000	13748.5	50
RNG	50	1000	18900.0	50
GG	51	1000	14687.0	50
RNG	51	1000	16967.5	50
GG	52	1000	12973.5	50
RNG	52	1000	16291.0	50
GG	53	1000	12743.0	50
RNG	53	1000	14575.0	50
GG	54	1000	14694.5	50
RNG	54	1000	16514.0	50
GG	55	1000	12408.0	50
RNG	55	1000	16556.0	50
GG	56	1000	13406.0	50
RNG	56	1000	18265.0	50
GG	57	1000	12435.5	50
RNG	57	1000	15030.0	50
GG	58	1000	15868.5	50
RNG	58	1000	19346.0	50
GG	59	1000	12496.0	50
RNG	59	1000	15640.5	50
GG	60	1000	12489.0	50
RNG	60	1000	14043.5	50
GG	61	1000	13188.5	50
RNG	61	1000	16464.5	50
GG	62	1000	14787.5	50
RNG	62	1000	18637.0	50
GG	63	1000	15018.0	50
RNG	63	1000	0.0	50
GG	64	1000	14430.5	50
RNG	64	1000	15545.0	50
GG	65	1000	14360.5	50
RNG	65	1000	593.5	50
GG	66	1000	12477.5	50
RNG	66	1000	18325.5	50
GG	67	1000	12118.5	50
RNG	67	1000	14515.0	50
GG	68	1000	12959.0	50
RNG	68	1000	20559.5	50
GG	69	1000	17119.5	50
RNG	69	1000	22225.0	50
GG	70	1000	15058.0	50
RNG	70	1000	16547.5	50
GG	71	1000	14601.5	50
RNG	71	1000	19263.5	50
GG	72	1000	15704.5	50
RNG	72	1000	17328.5	50
GG	73	1000	15011.5	50
RNG	73	1000	19215.5	50
GG	74	1000	15065.5	50
RNG	74	1000	20200.0	50
GG	75	1000	14047.0	50
RNG	75	1000	0.0	50
GG	76	1000	14759.0	50
RNG	76	1000	15422.5	50
GG	77	1000	15348.0	50
RNG	77	1000	17367.5	50
GG	78	1000	15363.0	50
RNG	78	1000	19801.5	50
GG	79	1000	12335.0	50
RNG	79	1000	14330.0	50
GG	80	1000	11628.0	50
RNG	80	1000	259.0	50
GG	81	1000	14831.0	50
RNG	81	1000	17040.0	50
GG	82	1000	12607.0	50
RNG	82	1000	16435.0	50
GG	83	1000	12656.0	50
RNG	83	1000	14701.5	50
GG	84	1000	11439.5	50
RNG	84	1000	13742.0	50
GG	85	1000	13639.5	50
RNG	85	1000	16227.0	50
GG	86	1000	13961.5	50
RNG	86	1000	14256.0	50
GG	87	1000	21648.0	50
RNG	87	1000	0.0	50
GG	88	1000	14996.5	50
RNG	88	1000	20168.5	50
GG	89	1000	13825.5	50
RNG	89	1000	19134.0	50
GG	90	1000	13595.0	50
RNG	90	1000	15035.5	50
GG	91	1000	12137.5	50
RNG	91	1000	16264.5	50
GG	92	1000	11581.0	50
RNG	92	1000	14509.0	50
GG	93	1000	17475.0	50
RNG	93	1000	23887.5	50
GG	94	1000	14462.5	50
RNG	94	1000	17972.5	50
GG	95	1000	12498.0	50
RNG	95	1000	17478.0	50
GG	96	1000	14304.5	50
RNG	96	1000	0.0	50
GG	97	1000	12398.5	50
RNG	97	1000	17369.0	50
GG	98	1000	14623.0	50
RNG	98	1000	17947.0	50
GG	99	1000	13608.0	50
RNG	99	1000	16325.5	50
GG	100	1000	14315.5	50
RNG	100	1000	17331.5	50
GG	1	1000	15003.5	55
RNG	1	1000	20113.5	55
GG	2	1000	18383.5	55
RNG	2	1000	22013.5	55
GG	3	1000	17749.5	55
RNG	3	1000	26029.0	55
GG	4	1000	17072.0	55
RNG	4	1000	20373.0	55
GG	5	1000	17054.5	55
RNG	5	1000	20765.5	55
GG	6	1000	17630.0	55
RNG	6	1000	0.0	55
GG	7	1000	15417.0	55
RNG	7	1000	21363.0	55
GG	8	1000	16552.5	55
RNG	8	1000	20527.5	55
GG	9	1000	16450.5	55
RNG	9	1000	19616.0	55
GG	10	1000	15128.0	55
RNG	10	1000	19006.5	55
GG	11	1000	18360.5	55
RNG	11	1000	0.0	55
GG	12	1000	17197.5	55
RNG	12	1000	23290.5	55
GG	13	1000	13080.0	55
RNG	13	1000	18445.5	55
GG	14	1000	13058.0	55
RNG	14	1000	0.0	55
GG	15	1000	14763.5	55
RNG	15	1000	20785.5	55
GG	16	1000	16603.5	55
RNG	16	1000	23945.5	55
GG	17	1000	16094.5	55
RNG	17	1000	0.0	55
GG	18	1000	15628.5	55
RNG	18	1000	20282.5	55
GG	19	1000	15574.0	55
RNG	19	1000	19939.0	55
GG	20	1000	14575.0	55
RNG	20	1000	20815.5	55
GG	21	1000	15570.0	55
RNG	21	1000	17370.5	55
GG	22	1000	18049.5	55
RNG	22	1000	18242.5	55
GG	23	1000	14191.0	55
RNG	23	1000	21713.0	55
GG	24	1000	17254.0	55
RNG	24	1000	18764.0	55
GG	25	1000	17505.5	55
RNG	25	1000	21690.0	55
GG	26	1000	15369.0	55
RNG	26	1000	17689.0	55
GG	27	1000	16801.5	55
RNG	27	1000	21433.5	55
GG	28	1000	16999.5	55
RNG	28	1000	21624.5	55
GG	29	1000	16457.5	55
RNG	29	1000	21203.0	55
GG	30	1000	14279.5	55
RNG	30	1000	27591.5	55
GG	31	1000	14524.5	55
RNG	31	1000	17811.0	55
GG	32	1000	15827.0	55
RNG	32	1000	655.0	55
GG	33	1000	13914.0	55
RNG	33	1000	17350.5	55
GG	34	1000	19231.5	55
RNG	34	1000	24771.5	55
GG	35	1000	18066.0	55
RNG	35	1000	23593.5	55
GG	36	1000	13473.5	55
RNG	36	1000	19963.5	55
GG	37	1000	20576.5	55
RNG	37	1000	21420.5	55
GG	38	1000	18271.5	55
RNG	38	1000	22841.0	55
GG	39	1000	17879.5	55
RNG	39	1000	21096.0	55
GG	40	1000	14048.0	55
RNG	40	1000	14722.0	55
GG	41	1000	16433.0	55
RNG	41	1000	19323.0	55
GG	42	1000	15612.0	55
RNG	42	1000	19439.0	55
GG	43	1000	17170.0	55
RNG	43	1000	23013.0	55
GG	44	1000	14319.5	55
RNG	44	1000	15502.0	55
GG	45	1000	17674.0	55
RNG	45	1000	17955.5	55
GG	46	1000	16191.5	55
RNG	46	1000	0.0	55
GG	47	1000	16150.5	55
RNG	47	1000	19817.5	55
GG	48	1000	15260.5	55
RNG	48	1000	16571.5	55
GG	49	1000	17297.5	55
RNG	49	1000	20181.5	55
GG	50	1000	15629.5	55
RNG	50	1000	19721.0	55
GG	51	1000	15607.0	55
RNG	51	1000	16967.5	55
GG	52	1000	16726.5	55
RNG	52	1000	19121.0	55
GG	53	1000	16667.0	55
RNG	53	1000	19279.5	55
GG	54	1000	15591.0	55
RNG	54	1000	17534.0	55
GG	55	1000	15759.0	55
RNG	55	1000	18749.5	55
GG	56	1000	14740.0	55
RNG	56	1000	18265.0	55
GG	57	1000	13506.0	55
RNG	57	1000	18598.0	55
GG	58	1000	16595.5	55
RNG	58	1000	19762.0	55
GG	59	1000	14353.0	55
RNG	59	1000	18453.5	55
GG	60	1000	16162.0	55
RNG	60	1000	19905.0	55
GG	61	1000	14304.0	55
RNG	61	1000	17519.5	55
GG	62	1000	15270.0	55
RNG	62	1000	20149.5	55
GG	63	1000	15735.0	55
RNG	63	1000	18507.0	55
GG	64	1000	14765.5	55
RNG	64	1000	17730.0	55
GG	65	1000	16559.5	55
RNG	65	1000	16876.5	55
GG	66	1000	13921.5	55
RNG	66	1000	18325.5	55
GG	67	1000	13120.5	55
RNG	67	1000	15735.5	55
GG	68	1000	16053.0	55
RNG	68	1000	22840.5	55
GG	69	1000	18350.5	55
RNG	69	1000	23313.5	55
GG	70	1000	15942.0	55
RNG	70	1000	18467.5	55
GG	71	1000	16251.5	55
RNG	71	1000	20703.5	55
GG	72	1000	19059.0	55
RNG	72	1000	21411.0	55
GG	73	1000	15996.5	55
RNG	73	1000	19470.5	55
GG	74	1000	17451.5	55
RNG	74	1000	22586.0	55
GG	75	1000	15702.5	55
RNG	75	1000	0.0	55
GG	76	1000	17005.0	55
RNG	76	1000	19747.0	55
GG	77	1000	15674.5	55
RNG	77	1000	17367.5	55
GG	78	1000	16101.5	55
RNG	78	1000	19801.5	55
GG	79	1000	13309.0	55
RNG	79	1000	16837.5	55
GG	80	1000	15100.0	55
RNG	80	1000	25562.0	55
GG	81	1000	17410.5	55
RNG	81	1000	21810.0	55
GG	82	1000	14903.5	55
RNG	82	1000	18282.0	55
GG	83	1000	13821.5	55
RNG	83	1000	0.0	55
GG	84	1000	13483.0	55
RNG	84	1000	15635.5	55
GG	85	1000	15771.0	55
RNG	85	1000	18466.0	55
GG	86	1000	15215.0	55
RNG	86	1000	16084.0	55
GG	87	1000	22042.5	55
RNG	87	1000	0.0	55
GG	88	1000	18466.0	55
RNG	88	1000	24057.0	55
GG	89	1000	16755.0	55
RNG	89	1000	21719.5	55
GG	90	1000	16698.0	55
RNG	90	1000	17375.5	55
GG	91	1000	17099.5	55
RNG	91	1000	20507.5	55
GG	92	1000	14121.5	55
RNG	92	1000	15465.0	55
GG	93	1000	19091.5	55
RNG	93	1000	31018.0	55
GG	94	1000	19440.5	55
RNG	94	1000	26648.0	55
GG	95	1000	15654.5	55
RNG	95	1000	21281.5	55
GG	96	1000	15503.0	55
RNG	96	1000	0.0	55
GG	97	1000	13730.5	55
RNG	97	1000	22259.0	55
GG	98	1000	16198.5	55
RNG	98	1000	17947.0	55
GG	99	1000	13779.0	55
RNG	99	1000	16695.5	55
GG	100	1000	14683.5	55
RNG	100	1000	17331.5	55
GG	1	1000	22209.5	60
RNG	1	1000	24765.5	60
GG	2	1000	21321.0	60
RNG	2	1000	26197.0	60
GG	3	1000	18054.5	60
RNG	3	1000	27072.0	60
GG	4	1000	17180.5	60
RNG	4	1000	20535.5	60
GG	5	1000	18515.0	60
RNG	5	1000	23431.5	60
GG	6	1000	20374.5	60
RNG	6	1000	0.0	60
GG	7	1000	19230.5	60
RNG	7	1000	24399.5	60
GG	8	1000	18546.5	60
RNG	8	1000	21758.5	60
GG	9	1000	18029.0	60
RNG	9	1000	20319.5	60
GG	10	1000	17596.5	60
RNG	10	1000	20984.0	60
GG	11	1000	19071.5	60
RNG	11	1000	22319.5	60
GG	12	1000	17779.0	60
RNG	12	1000	25178.0	60
GG	13	1000	15752.5	60
RNG	13	1000	21842.5	60
GG	14	1000	18765.5	60
RNG	14	1000	21699.5	60
GG	15	1000	17790.5	60
RNG	15	1000	22590.0	60
GG	16	1000	17672.0	60
RNG	16	1000	23945.5	60
GG	17	1000	18615.5	60
RNG	17	1000	0.0	60
GG	18	1000	18813.0	60
RNG	18	1000	21645.5	60
GG	19	1000	18983.0	60
RNG	19	1000	20434.5	60
GG	20	1000	18630.5	60
RNG	20	1000	0.0	60
GG	21	1000	19023.0	60
RNG	21	1000	1870.0	60
GG	22	1000	19209.0	60
RNG	22	1000	19402.0	60
GG	23	1000	15203.5	60
RNG	23	1000	23007.0	60
GG	24	1000	19905.5	60
RNG	24	1000	24997.0	60
GG	25	1000	18146.5	60
RNG	25	1000	21690.0	60
GG	26	1000	18783.0	60
RNG	26	1000	28886.0	60
GG	27	1000	18739.5	60
RNG	27	1000	24448.0	60
GG	28	1000	17116.0	60
RNG	28	1000	21624.5	60
GG	29	1000	19592.5	60
RNG	29	1000	24678.0	60
GG	30	1000	18641.5	60
RNG	30	1000	28845.0	60
GG	31	1000	18160.5	60
RNG	31	1000	20253.5	60
GG	32	1000	16630.0	60
RNG	32	1000	655.0	60
GG	33	1000	18934.0	60
RNG	33	1000	23410.0	60
GG	34	1000	20760.0	60
RNG	34	1000	25822.5	60
GG	35	1000	21474.5	60
RNG	35	1000	0.0	60
GG	36	1000	17074.0	60
RNG	36	1000	21278.5	60
GG	37	1000	20835.5	60
RNG	37	1000	22113.0	60
GG	38	1000	20879.5	60
RNG	38	1000	23103.5	60
GG	39	1000	19886.5	60
RNG	39	1000	25735.0	60
GG	40	1000	16625.0	60
RNG	40	1000	22938.0	60
GG	41	1000	19508.5	60
RNG	41	1000	26116.5	60
GG	42	1000	17926.5	60
RNG	42	1000	22595.5	60
GG	43	1000	18432.5	60
RNG	43	1000	23491.5	60
GG	44	1000	16953.0	60
RNG	44	1000	18538.5	60
GG	45	1000	20304.5	60
RNG	45	1000	22713.5	60
GG	46	1000	18438.5	60
RNG	46	1000	0.0	60
GG	47	1000	17879.5	60
RNG	47	1000	19817.5	60
GG	48	1000	19775.0	60
RNG	48	1000	23322.0	60
GG	49	1000	18753.5	60
RNG	49	1000	20181.5	60
GG	50	1000	19729.5	60
RNG	50	1000	21629.0	60
GG	51	1000	20175.5	60
RNG	51	1000	23536.5	60
GG	52	1000	17705.5	60
RNG	52	1000	20920.5	60
GG	53	1000	17312.0	60
RNG	53	1000	20526.0	60
GG	54	1000	17465.0	60
RNG	54	1000	19101.5	60
GG	55	1000	16328.0	60
RNG	55	1000	21522.0	60
GG	56	1000	16337.5	60
RNG	56	1000	20767.5	60
GG	57	1000	18993.0	60
RNG	57	1000	23405.0	60
GG	58	1000	18573.0	60
RNG	58	1000	20304.5	60
GG	59	1000	15794.5	60
RNG	59	1000	18899.5	60
GG	60	1000	17592.5	60
RNG	60	1000	21632.5	60
GG	61	1000	16253.5	60
RNG	61	1000	19103.0	60
GG	62	1000	17103.0	60
RNG	62	1000	23119.5	60
GG	63	1000	15926.5	60
RNG	63	1000	19499.0	60
GG	64	1000	15996.5	60
RNG	64	1000	19835.0	60
GG	65	1000	17672.5	60
RNG	65	1000	20259.0	60
GG	66	1000	15243.0	60
RNG	66	1000	20809.0	60
GG	67	1000	17173.5	60
RNG	67	1000	19937.5	60
GG	68	1000	20857.0	60
RNG	68	1000	22840.5	60
GG	69	1000	18350.5	60
RNG	69	1000	23313.5	60
GG	70	1000	21020.0	60
RNG	70	1000	24854.5	60
GG	71	1000	19619.5	60
RNG	71	1000	23657.0	60
GG	72	1000	21881.0	60
RNG	72	1000	22502.0	60
GG	73	1000	17596.5	60
RNG	73	1000	19470.5	60
GG	74	1000	17965.5	60
RNG	74	1000	24066.0	60
GG	75	1000	17669.5	60
RNG	75	1000	0.0	60
GG	76	1000	20382.5	60
RNG	76	1000	25600.5	60
GG	77	1000	16539.5	60
RNG	77	1000	18139.5	60
GG	78	1000	17888.0	60
RNG	78	1000	20790.5	60
GG	79	1000	20179.0	60
RNG	79	1000	25389.0	60
GG	80	1000	18171.5	60
RNG	80	1000	26336.5	60
GG	81	1000	22237.5	60
RNG	81	1000	20948.0	60
GG	82	1000	16763.5	60
RNG	82	1000	19455.0	60
GG	83	1000	17784.5	60
RNG	83	1000	0.0	60
GG	84	1000	19924.5	60
RNG	84	1000	23327.0	60
GG	85	1000	17848.5	60
RNG	85	1000	22232.5	60
GG	86	1000	18478.0	60
RNG	86	1000	21094.5	60
GG	87	1000	22668.5	60
RNG	87	1000	0.0	60
GG	88	1000	19632.0	60
RNG	88	1000	24057.0	60
GG	89	1000	19917.0	60
RNG	89	1000	25608.0	60
GG	90	1000	18210.0	60
RNG	90	1000	18961.0	60
GG	91	1000	19001.5	60
RNG	91	1000	22299.5	60
GG	92	1000	16888.5	60
RNG	92	1000	20459.5	60
GG	93	1000	23783.5	60
RNG	93	1000	32012.5	60
GG	94	1000	21243.5	60
RNG	94	1000	26945.5	60
GG	95	1000	18718.5	60
RNG	95	1000	21851.5	60
GG	96	1000	18567.5	60
RNG	96	1000	21433.5	60
GG	97	1000	18225.0	60
RNG	97	1000	26788.0	60
GG	98	1000	18576.0	60
RNG	98	1000	23131.5	60
GG	99	1000	16446.5	60
RNG	99	1000	18591.5	60
GG	100	1000	16181.0	60
RNG	100	1000	20595.5	60
GG	1	1000	24458.5	65
RNG	1	1000	28720.0	65
GG	2	1000	22828.5	65
RNG	2	1000	28315.5	65
GG	3	1000	20060.0	65
RNG	3	1000	28451.0	65
GG	4	1000	21643.5	65
RNG	4	1000	26251.5	65
GG	5	1000	22841.0	65
RNG	5	1000	0.0	65
GG	6	1000	20720.0	65
RNG	6	1000	26575.0	65
GG	7	1000	22329.5	65
RNG	7	1000	28846.5	65
GG	8	1000	20142.5	65
RNG	8	1000	22347.5	65
GG	9	1000	18777.5	65
RNG	9	1000	20845.0	65
GG	10	1000	20594.0	65
RNG	10	1000	23985.5	65
GG	11	1000	20716.0	65
RNG	11	1000	25348.0	65
GG	12	1000	20658.5	65
RNG	12	1000	27931.5	65
GG	13	1000	18217.0	65
RNG	13	1000	24946.5	65
GG	14	1000	20388.5	65
RNG	14	1000	22175.5	65
GG	15	1000	19589.0	65
RNG	15	1000	26312.0	65
GG	16	1000	30762.5	65
RNG	16	1000	36016.5	65
GG	17	1000	20798.0	65
RNG	17	1000	0.0	65
GG	18	1000	20900.0	65
RNG	18	1000	23055.5	65
GG	19	1000	20421.5	65
RNG	19	1000	21643.5	65
GG	20	1000	23130.0	65
RNG	20	1000	27254.5	65
GG	21	1000	23872.5	65
RNG	21	1000	1870.0	65
GG	22	1000	20878.5	65
RNG	22	1000	21476.5	65
GG	23	1000	20130.0	65
RNG	23	1000	32361.0	65
GG	24	1000	21367.5	65
RNG	24	1000	27703.0	65
GG	25	1000	19431.0	65
RNG	25	1000	22870.0	65
GG	26	1000	21016.5	65
RNG	26	1000	31345.0	65
GG	27	1000	21784.5	65
RNG	27	1000	26382.0	65
GG	28	1000	18607.5	65
RNG	28	1000	22104.5	65
GG	29	1000	21994.0	65
RNG	29	1000	0.0	65
GG	30	1000	18909.0	65
RNG	30	1000	31062.5	65
GG	31	1000	20976.5	65
RNG	31	1000	23290.5	65
GG	32	1000	21999.5	65
RNG	32	1000	0.0	65
GG	33	1000	20145.5	65
RNG	33	1000	25086.0	65
GG	34	1000	23021.5	65
RNG	34	1000	28568.5	65
GG	35	1000	21714.0	65
RNG	35	1000	0.0	65
GG	36	1000	22513.5	65
RNG	36	1000	23977.5	65
GG	37	1000	23411.0	65
RNG	37	1000	24113.0	65
GG	38	1000	22820.0	65
RNG	38	1000	24574.0	65
GG	39	1000	23011.0	65
RNG	39	1000	28393.5	65
GG	40	1000	19170.0	65
RNG	40	1000	25017.5	65
GG	41	1000	23104.0	65
RNG	41	1000	27974.0	65
GG	42	1000	21222.5	65
RNG	42	1000	27092.5	65
GG	43	1000	19195.5	65
RNG	43	1000	23538.5	65
GG	44	1000	21576.5	65
RNG	44	1000	23507.0	65
GG	45	1000	24161.0	65
RNG	45	1000	26698.5	65
GG	46	1000	19952.0	65
RNG	46	1000	23359.5	65
GG	47	1000	18669.5	65
RNG	47	1000	21182.5	65
GG	48	1000	21530.5	65
RNG	48	1000	26464.0	65
GG	49	1000	21893.5	65
RNG	49	1000	27679.0	65
GG	50	1000	21082.5	65
RNG	50	1000	23128.0	65
GG	51	1000	21064.0	65
RNG	51	1000	27104.5	65
GG	52	1000	20241.0	65
RNG	52	1000	22916.5	65
GG	53	1000	19350.0	65
RNG	53	1000	23206.0	65
GG	54	1000	20752.0	65
RNG	54	1000	22166.0	65
GG	55	1000	19357.5	65
RNG	55	1000	25762.0	65
GG	56	1000	19415.0	65
RNG	56	1000	23670.0	65
GG	57	1000	19244.0	65
RNG	57	1000	23405.0	65
GG	58	1000	22398.5	65
RNG	58	1000	25927.5	65
GG	59	1000	19820.5	65
RNG	59	1000	23878.0	65
GG	60	1000	21061.0	65
RNG	60	1000	24769.5	65
GG	61	1000	19019.0	65
RNG	61	1000	20503.5	65
GG	62	1000	17608.0	65
RNG	62	1000	25364.5	65
GG	63	1000	20029.0	65
RNG	63	1000	21715.0	65
GG	64	1000	19481.0	65
RNG	64	1000	24403.0	65
GG	65	1000	18308.5	65
RNG	65	1000	22051.0	65
GG	66	1000	19826.0	65
RNG	66	1000	25634.5	65
GG	67	1000	19265.5	65
RNG	67	1000	23916.5	65
GG	68	1000	23183.0	65
RNG	68	1000	25691.5	65
GG	69	1000	21947.0	65
RNG	69	1000	24970.5	65
GG	70	1000	21292.5	65
RNG	70	1000	24854.5	65
GG	71	1000	21154.5	65
RNG	71	1000	23657.0	65
GG	72	1000	21881.0	65
RNG	72	1000	22502.0	65
GG	73	1000	18875.5	65
RNG	73	1000	23909.5	65
GG	74	1000	19612.5	65
RNG	74	1000	24946.5	65
GG	75	1000	21501.0	65
RNG	75	1000	21947.5	65
GG	76	1000	21608.0	65
RNG	76	1000	27195.5	65
GG	77	1000	18900.0	65
RNG	77	1000	21850.0	65
GG	78	1000	20757.5	65
RNG	78	1000	28021.0	65
GG	79	1000	21530.0	65
RNG	79	1000	26783.0	65
GG	80	1000	22393.0	65
RNG	80	1000	35210.0	65
GG	81	1000	24699.0	65
RNG	81	1000	26787.0	65
GG	82	1000	19095.0	65
RNG	82	1000	23808.5	65
GG	83	1000	20794.0	65
RNG	83	1000	0.0	65
GG	84	1000	22720.0	65
RNG	84	1000	26778.0	65
GG	85	1000	19035.0	65
RNG	85	1000	23466.0	65
GG	86	1000	20664.0	65
RNG	86	1000	22020.0	65
GG	87	1000	25088.0	65
RNG	87	1000	0.0	65
GG	88	1000	21321.5	65
RNG	88	1000	25081.0	65
GG	89	1000	21762.0	65
RNG	89	1000	28002.5	65
GG	90	1000	20306.5	65
RNG	90	1000	27141.0	65
GG	91	1000	21194.0	65
RNG	91	1000	25337.0	65
GG	92	1000	20723.0	65
RNG	92	1000	25595.5	65
GG	93	1000	26714.5	65
RNG	93	1000	34227.0	65
GG	94	1000	23877.5	65
RNG	94	1000	26945.5	65
GG	95	1000	20257.5	65
RNG	95	1000	22243.0	65
GG	96	1000	20210.0	65
RNG	96	1000	23270.5	65
GG	97	1000	19997.0	65
RNG	97	1000	27605.5	65
GG	98	1000	21042.5	65
RNG	98	1000	27126.0	65
GG	99	1000	19701.5	65
RNG	99	1000	83.5	65
GG	100	1000	20095.5	65
RNG	100	1000	23107.5	65
GG	1	1000	30026.5	70
RNG	1	1000	34438.0	70
GG	2	1000	23078.0	70
RNG	2	1000	28601.0	70
GG	3	1000	26355.0	70
RNG	3	1000	34047.0	70
GG	4	1000	22720.5	70
RNG	4	1000	28109.5	70
GG	5	1000	25616.0	70
RNG	5	1000	0.0	70
GG	6	1000	24221.0	70
RNG	6	1000	26575.0	70
GG	7	1000	23652.0	70
RNG	7	1000	29653.0	70
GG	8	1000	22243.0	70
RNG	8	1000	24295.5	70
GG	9	1000	21931.5	70
RNG	9	1000	23718.5	70
GG	10	1000	23467.5	70
RNG	10	1000	28902.0	70
GG	11	1000	25018.0	70
RNG	11	1000	30599.0	70
GG	12	1000	23597.5	70
RNG	12	1000	28725.0	70
GG	13	1000	27601.5	70
RNG	13	1000	31490.0	70
GG	14	1000	21542.0	70
RNG	14	1000	23814.0	70
GG	15	1000	20826.5	70
RNG	15	1000	26992.0	70
GG	16	1000	30762.5	70
RNG	16	1000	36016.5	70
GG	17	1000	22163.0	70
RNG	17	1000	29283.0	70
GG	18	1000	22949.5	70
RNG	18	1000	26489.0	70
GG	19	1000	21510.0	70
RNG	19	1000	23474.0	70
GG	20	1000	25515.0	70
RNG	20	1000	30163.5	70
GG	21	1000	276.5	70
RNG	21	1000	35430.0	70
GG	22	1000	22235.0	70
RNG	22	1000	25599.0	70
GG	23	1000	23090.0	70
RNG	23	1000	34749.5	70
GG	24	1000	22585.5	70
RNG	24	1000	28818.0	70
GG	25	1000	20498.5	70
RNG	25	1000	26052.0	70
GG	26	1000	26125.0	70
RNG	26	1000	33519.5	70
GG	27	1000	22941.0	70
RNG	27	1000	30897.0	70
GG	28	1000	22212.5	70
RNG	28	1000	26545.0	70
GG	29	1000	23934.0	70
RNG	29	1000	27020.5	70
GG	30	1000	24439.0	70
RNG	30	1000	34712.0	70
GG	31	1000	23544.0	70
RNG	31	1000	26388.0	70
GG	32	1000	23422.0	70
RNG	32	1000	0.0	70
GG	33	1000	23417.0	70
RNG	33	1000	26120.5	70
GG	34	1000	26127.0	70
RNG	34	1000	30702.5	70
GG	35	1000	26193.5	70
RNG	35	1000	31585.5	70
GG	36	1000	23339.5	70
RNG	36	1000	25546.0	70
GG	37	1000	24775.0	70
RNG	37	1000	27397.0	70
GG	38	1000	24138.5	70
RNG	38	1000	25739.0	70
GG	39	1000	25572.5	70
RNG	39	1000	30939.0	70
GG	40	1000	25397.0	70
RNG	40	1000	33054.0	70
GG	41	1000	23423.5	70
RNG	41	1000	29660.0	70
GG	42	1000	25790.5	70
RNG	42	1000	29955.5	70
GG	43	1000	26194.5	70
RNG	43	1000	31335.0	70
GG	44	1000	25072.5	70
RNG	44	1000	27986.0	70
GG	45	1000	25565.0	70
RNG	45	1000	0.0	70
GG	46	1000	23413.5	70
RNG	46	1000	406.0	70
GG	47	1000	22596.0	70
RNG	47	1000	24073.0	70
GG	48	1000	0.0	70
RNG	48	1000	30155.5	70
GG	49	1000	24767.5	70
RNG	49	1000	29597.5	70
GG	50	1000	22888.5	70
RNG	50	1000	25145.0	70
GG	51	1000	23508.5	70
RNG	51	1000	28792.0	70
GG	52	1000	22256.5	70
RNG	52	1000	30074.5	70
GG	53	1000	21206.0	70
RNG	53	1000	23846.5	70
GG	54	1000	27291.0	70
RNG	54	1000	32232.0	70
GG	55	1000	21263.5	70
RNG	55	1000	25762.0	70
GG	56	1000	24731.0	70
RNG	56	1000	28920.0	70
GG	57	1000	22086.0	70
RNG	57	1000	26936.0	70
GG	58	1000	24493.0	70
RNG	58	1000	30965.0	70
GG	59	1000	26448.5	70
RNG	59	1000	30770.0	70
GG	60	1000	23400.0	70
RNG	60	1000	25760.5	70
GG	61	1000	20985.5	70
RNG	61	1000	24779.5	70
GG	62	1000	19243.5	70
RNG	62	1000	26696.5	70
GG	63	1000	21990.5	70
RNG	63	1000	1103.0	70
GG	64	1000	22085.0	70
RNG	64	1000	24403.0	70
GG	65	1000	22558.5	70
RNG	65	1000	26917.5	70
GG	66	1000	22238.5	70
RNG	66	1000	26686.5	70
GG	67	1000	21300.5	70
RNG	67	1000	26411.5	70
GG	68	1000	25869.0	70
RNG	68	1000	27152.0	70
GG	69	1000	22670.0	70
RNG	69	1000	24970.5	70
GG	70	1000	22112.0	70
RNG	70	1000	26726.0	70
GG	71	1000	23679.5	70
RNG	71	1000	26300.0	70
GG	72	1000	24648.0	70
RNG	72	1000	26634.0	70
GG	73	1000	21868.5	70
RNG	73	1000	29574.5	70
GG	74	1000	23694.0	70
RNG	74	1000	27697.5	70
GG	75	1000	21950.0	70
RNG	75	1000	694.5	70
GG	76	1000	23753.5	70
RNG	76	1000	27882.0	70
GG	77	1000	26374.5	70
RNG	77	1000	29341.0	70
GG	78	1000	23597.0	70
RNG	78	1000	31108.5	70
GG	79	1000	22847.0	70
RNG	79	1000	28568.5	70
GG	80	1000	23862.5	70
RNG	80	1000	35210.0	70
GG	81	1000	27399.0	70
RNG	81	1000	29679.0	70
GG	82	1000	23255.5	70
RNG	82	1000	28306.0	70
GG	83	1000	21969.5	70
RNG	83	1000	0.0	70
GG	84	1000	24785.5	70
RNG	84	1000	26778.0	70
GG	85	1000	21873.5	70
RNG	85	1000	26224.5	70
GG	86	1000	24058.0	70
RNG	86	1000	26093.5	70
GG	87	1000	27251.0	70
RNG	87	1000	33060.5	70
GG	88	1000	22869.5	70
RNG	88	1000	31910.5	70
GG	89	1000	24711.5	70
RNG	89	1000	32991.5	70
GG	90	1000	20594.5	70
RNG	90	1000	27177.0	70
GG	91	1000	23096.0	70
RNG	91	1000	26614.0	70
GG	92	1000	22807.0	70
RNG	92	1000	26103.0	70
GG	93	1000	26988.5	70
RNG	93	1000	34227.0	70
GG	94	1000	27639.0	70
RNG	94	1000	29684.5	70
GG	95	1000	20853.0	70
RNG	95	1000	23224.5	70
GG	96	1000	0.0	70
RNG	96	1000	28980.5	70
GG	97	1000	22578.0	70
RNG	97	1000	29226.0	70
GG	98	1000	26007.5	70
RNG	98	1000	33873.0	70
GG	99	1000	21461.0	70
RNG	99	1000	83.5	70
GG	100	1000	22875.5	70
RNG	100	1000	28597.0	70
GG	1	1000	30618.5	75
RNG	1	1000	34438.0	75
GG	2	1000	26863.0	75
RNG	2	1000	30857.5	75
GG	3	1000	27053.0	75
RNG	3	1000	34047.0	75
GG	4	1000	24706.0	75
RNG	4	1000	28585.0	75
GG	5	1000	31361.0	75
RNG	5	1000	0.0	75
GG	6	1000	25441.0	75
RNG	6	1000	0.0	75
GG	7	1000	26039.0	75
RNG	7	1000	33904.0	75
GG	8	1000	23288.0	75
RNG	8	1000	25199.5	75
GG	9	1000	22935.0	75
RNG	9	1000	25068.0	75
GG	10	1000	27530.0	75
RNG	10	1000	35278.0	75
GG	11	1000	28647.5	75
RNG	11	1000	35480.0	75
GG	12	1000	28446.0	75
RNG	12	1000	35355.5	75
GG	13	1000	29394.5	75
RNG	13	1000	31843.0	75
GG	14	1000	23660.5	75
RNG	14	1000	26683.0	75
GG	15	1000	24862.0	75
RNG	15	1000	30210.5	75
GG	16	1000	31787.5	75
RNG	16	1000	36698.0	75
GG	17	1000	23978.5	75
RNG	17	1000	30585.5	75
GG	18	1000	25883.0	75
RNG	18	1000	27426.5	75
GG	19	1000	23186.0	75
RNG	19	1000	27865.5	75
GG	20	1000	25515.0	75
RNG	20	1000	30163.5	75
GG	21	1000	33761.5	75
RNG	21	1000	0.0	75
GG	22	1000	25777.0	75
RNG	22	1000	30859.0	75
GG	23	1000	29539.5	75
RNG	23	1000	36698.5	75
GG	24	1000	27954.0	75
RNG	24	1000	36019.0	75
GG	25	1000	24783.5	75
RNG	25	1000	29252.5	75
GG	26	1000	28632.5	75
RNG	26	1000	33981.5	75
GG	27	1000	26063.0	75
RNG	27	1000	31668.0	75
GG	28	1000	25309.5	75
RNG	28	1000	31127.5	75
GG	29	1000	26373.5	75
RNG	29	1000	29737.0	75
GG	30	1000	26767.5	75
RNG	30	1000	35619.0	75
GG	31	1000	25039.0	75
RNG	31	1000	27573.5	75
GG	32	1000	23422.0	75
RNG	32	1000	0.0	75
GG	33	1000	24371.0	75
RNG	33	1000	26120.5	75
GG	34	1000	28708.0	75
RNG	34	1000	0.0	75
GG	35	1000	28286.0	75
RNG	35	1000	33322.0	75
GG	36	1000	26321.5	75
RNG	36	1000	28328.5	75
GG	37	1000	25630.0	75
RNG	37	1000	29720.5	75
GG	38	1000	25539.0	75
RNG	38	1000	26905.5	75
GG	39	1000	26057.5	75
RNG	39	1000	31175.0	75
GG	40	1000	27726.0	75
RNG	40	1000	35569.5	75
GG	41	1000	25450.0	75
RNG	41	1000	31446.0	75
GG	42	1000	26576.5	75
RNG	42	1000	29955.5	75
GG	43	1000	27820.5	75
RNG	43	1000	31335.0	75
GG	44	1000	27339.0	75
RNG	44	1000	32100.5	75
GG	45	1000	25651.5	75
RNG	45	1000	28060.5	75
GG	46	1000	25231.0	75
RNG	46	1000	406.0	75
GG	47	1000	28842.0	75
RNG	47	1000	31783.0	75
GG	48	1000	27334.0	75
RNG	48	1000	31596.5	75
GG	49	1000	26852.0	75
RNG	49	1000	31824.5	75
GG	50	1000	24888.0	75
RNG	50	1000	27384.5	75
GG	51	1000	26675.0	75
RNG	51	1000	31603.0	75
GG	52	1000	24994.5	75
RNG	52	1000	32962.0	75
GG	53	1000	24323.0	75
RNG	53	1000	26559.5	75
GG	54	1000	30863.0	75
RNG	54	1000	33195.5	75
GG	55	1000	23582.5	75
RNG	55	1000	25939.0	75
GG	56	1000	27179.0	75
RNG	56	1000	31635.0	75
GG	57	1000	25678.5	75
RNG	57	1000	32312.0	75
GG	58	1000	26066.0	75
RNG	58	1000	33933.0	75
GG	59	1000	28823.0	75
RNG	59	1000	36540.0	75
GG	60	1000	25335.0	75
RNG	60	1000	28847.0	75
GG	61	1000	23810.5	75
RNG	61	1000	29702.0	75
GG	62	1000	26123.0	75
RNG	62	1000	29918.0	75
GG	63	1000	23768.0	75
RNG	63	1000	28835.5	75
GG	64	1000	26187.5	75
RNG	64	1000	28015.5	75
GG	65	1000	25179.0	75
RNG	65	1000	29969.0	75
GG	66	1000	26919.0	75
RNG	66	1000	27498.0	75
GG	67	1000	21777.5	75
RNG	67	1000	26411.5	75
GG	68	1000	31031.0	75
RNG	68	1000	33742.0	75
GG	69	1000	24002.0	75
RNG	69	1000	25598.5	75
GG	70	1000	27007.0	75
RNG	70	1000	29490.0	75
GG	71	1000	28297.0	75
RNG	71	1000	32522.0	75
GG	72	1000	25266.0	75
RNG	72	1000	28611.5	75
GG	73	1000	25484.5	75
RNG	73	1000	33507.5	75
GG	74	1000	29566.5	75
RNG	74	1000	34795.5	75
GG	75	1000	23302.0	75
RNG	75	1000	694.5	75
GG	76	1000	27031.5	75
RNG	76	1000	30380.0	75
GG	77	1000	28776.0	75
RNG	77	1000	33359.5	75
GG	78	1000	27079.5	75
RNG	78	1000	34167.0	75
GG	79	1000	25610.0	75
RNG	79	1000	29365.5	75
GG	80	1000	29614.5	75
RNG	80	1000	37367.0	75
GG	81	1000	27920.5	75
RNG	81	1000	30185.5	75
GG	82	1000	25381.5	75
RNG	82	1000	31716.0	75
GG	83	1000	25301.0	75
RNG	83	1000	0.0	75
GG	84	1000	26298.5	75
RNG	84	1000	27788.0	75
GG	85	1000	28174.5	75
RNG	85	1000	31266.5	75
GG	86	1000	26612.5	75
RNG	86	1000	28955.0	75
GG	87	1000	27815.5	75
RNG	87	1000	33434.0	75
GG	88	1000	26811.5	75
RNG	88	1000	33922.0	75
GG	89	1000	26908.5	75
RNG	89	1000	34359.5	75
GG	90	1000	25377.0	75
RNG	90	1000	32431.0	75
GG	91	1000	25466.5	75
RNG	91	1000	28728.0	75
GG	92	1000	24438.0	75
RNG	92	1000	28256.5	75
GG	93	1000	29975.5	75
RNG	93	1000	34434.0	75
GG	94	1000	29778.0	75
RNG	94	1000	32714.0	75
GG	95	1000	26008.0	75
RNG	95	1000	30306.0	75
GG	96	1000	25364.5	75
RNG	96	1000	30397.5	75
GG	97	1000	25586.0	75
RNG	97	1000	32799.0	75
GG	98	1000	27017.0	75
RNG	98	1000	33873.0	75
GG	99	1000	25641.5	75
RNG	99	1000	33944.0	75
GG	100	1000	25482.0	75
RNG	100	1000	31298.0	75
GG	1	1000	33066.5	80
RNG	1	1000	36886.0	80
GG	2	1000	28451.5	80
RNG	2	1000	32060.5	80
GG	3	1000	28117.0	80
RNG	3	1000	35668.5	80
GG	4	1000	27562.0	80
RNG	4	1000	30240.5	80
GG	5	1000	31361.0	80
RNG	5	1000	0.0	80
GG	6	1000	31750.0	80
RNG	6	1000	0.0	80
GG	7	1000	31040.0	80
RNG	7	1000	35643.5	80
GG	8	1000	27925.0	80
RNG	8	1000	30429.0	80
GG	9	1000	25730.0	80
RNG	9	1000	0.0	80
GG	10	1000	29707.0	80
RNG	10	1000	35693.0	80
GG	11	1000	28927.0	80
RNG	11	1000	35480.0	80
GG	12	1000	30334.0	80
RNG	12	1000	35897.0	80
GG	13	1000	33351.5	80
RNG	13	1000	38817.0	80
GG	14	1000	25798.0	80
RNG	14	1000	33809.0	80
GG	15	1000	28498.0	80
RNG	15	1000	32847.0	80
GG	16	1000	33159.0	80
RNG	16	1000	38298.0	80
GG	17	1000	28402.5	80
RNG	17	1000	35677.5	80
GG	18	1000	28507.0	80
RNG	18	1000	32586.5	80
GG	19	1000	29382.0	80
RNG	19	1000	41377.5	80
GG	20	1000	30226.5	80
RNG	20	1000	35739.5	80
GG	21	1000	35955.0	80
RNG	21	1000	43260.5	80
GG	22	1000	29486.0	80
RNG	22	1000	34981.0	80
GG	23	1000	31399.0	80
RNG	23	1000	38903.0	80
GG	24	1000	31641.0	80
RNG	24	1000	38864.5	80
GG	25	1000	28161.0	80
RNG	25	1000	31056.0	80
GG	26	1000	32258.0	80
RNG	26	1000	37338.5	80
GG	27	1000	28082.5	80
RNG	27	1000	34966.0	80
GG	28	1000	28852.5	80
RNG	28	1000	33058.5	80
GG	29	1000	29690.5	80
RNG	29	1000	33042.5	80
GG	30	1000	28337.5	80
RNG	30	1000	35619.0	80
GG	31	1000	28312.5	80
RNG	31	1000	31476.5	80
GG	32	1000	28326.5	80
RNG	32	1000	0.0	80
GG	33	1000	27202.5	80
RNG	33	1000	32143.0	80
GG	34	1000	29207.0	80
RNG	34	1000	36691.0	80
GG	35	1000	29501.5	80
RNG	35	1000	33322.0	80
GG	36	1000	28774.5	80
RNG	36	1000	30996.0	80
GG	37	1000	26449.5	80
RNG	37	1000	31224.0	80
GG	38	1000	26894.5	80
RNG	38	1000	31086.5	80
GG	39	1000	29099.5	80
RNG	39	1000	32263.0	80
GG	40	1000	30534.5	80
RNG	40	1000	37660.5	80
GG	41	1000	28308.5	80
RNG	41	1000	34597.0	80
GG	42	1000	28635.5	80
RNG	42	1000	32078.5	80
GG	43	1000	29629.0	80
RNG	43	1000	37661.0	80
GG	44	1000	31226.0	80
RNG	44	1000	36832.5	80
GG	45	1000	28199.5	80
RNG	45	1000	30285.0	80
GG	46	1000	27073.5	80
RNG	46	1000	0.0	80
GG	47	1000	31970.0	80
RNG	47	1000	35446.5	80
GG	48	1000	28647.0	80
RNG	48	1000	32161.5	80
GG	49	1000	28266.5	80
RNG	49	1000	33326.0	80
GG	50	1000	27692.0	80
RNG	50	1000	32533.0	80
GG	51	1000	29834.0	80
RNG	51	1000	33523.0	80
GG	52	1000	27909.5	80
RNG	52	1000	36556.0	80
GG	53	1000	26521.0	80
RNG	53	1000	28529.5	80
GG	54	1000	34613.5	80
RNG	54	1000	38867.5	80
GG	55	1000	28390.0	80
RNG	55	1000	32604.0	80
GG	56	1000	31473.0	80
RNG	56	1000	34567.0	80
GG	57	1000	29130.5	80
RNG	57	1000	37751.0	80
GG	58	1000	26873.0	80
RNG	58	1000	34460.5	80
GG	59	1000	29824.5	80
RNG	59	1000	36540.0	80
GG	60	1000	26730.5	80
RNG	60	1000	31247.0	80
GG	61	1000	26792.0	80
RNG	61	1000	33254.5	80
GG	62	1000	29883.0	80
RNG	62	1000	35490.0	80
GG	63	1000	27129.5	80
RNG	63	1000	33498.5	80
GG	64	1000	26988.0	80
RNG	64	1000	29762.0	80
GG	65	1000	29155.5	80
RNG	65	1000	34297.0	80
GG	66	1000	32533.0	80
RNG	66	1000	32182.0	80
GG	67	1000	27179.0	80
RNG	67	1000	32795.5	80
GG	68	1000	31580.5	80
RNG	68	1000	34086.5	80
GG	69	1000	26167.5	80
RNG	69	1000	0.0	80
GG	70	1000	28871.5	80
RNG	70	1000	31846.0	80
GG	71	1000	29858.0	80
RNG	71	1000	33659.0	80
GG	72	1000	29209.5	80
RNG	72	1000	36228.5	80
GG	73	1000	29232.5	80
RNG	73	1000	39110.5	80
GG	74	1000	31190.0	80
RNG	74	1000	35712.0	80
GG	75	1000	27076.0	80
RNG	75	1000	30898.5	80
GG	76	1000	30803.0	80
RNG	76	1000	36594.0	80
GG	77	1000	30025.5	80
RNG	77	1000	35600.0	80
GG	78	1000	30047.0	80
RNG	78	1000	39149.0	80
GG	79	1000	26259.0	80
RNG	79	1000	31481.5	80
GG	80	1000	31883.5	80
RNG	80	1000	37367.0	80
GG	81	1000	31939.0	80
RNG	81	1000	37501.5	80
GG	82	1000	31403.5	80
RNG	82	1000	35382.0	80
GG	83	1000	28859.5	80
RNG	83	1000	33321.0	80
GG	84	1000	921.5	80
RNG	84	1000	0.0	80
GG	85	1000	29356.0	80
RNG	85	1000	33309.0	80
GG	86	1000	29951.5	80
RNG	86	1000	33926.5	80
GG	87	1000	30584.5	80
RNG	87	1000	37402.5	80
GG	88	1000	27897.0	80
RNG	88	1000	2295.5	80
GG	89	1000	28109.5	80
RNG	89	1000	34359.5	80
GG	90	1000	27833.0	80
RNG	90	1000	35377.0	80
GG	91	1000	28075.5	80
RNG	91	1000	32144.0	80
GG	92	1000	27060.0	80
RNG	92	1000	31469.0	80
GG	93	1000	31786.0	80
RNG	93	1000	34918.0	80
GG	94	1000	32715.5	80
RNG	94	1000	34152.0	80
GG	95	1000	27406.0	80
RNG	95	1000	30436.0	80
GG	96	1000	28636.5	80
RNG	96	1000	33171.5	80
GG	97	1000	29516.5	80
RNG	97	1000	39300.5	80
GG	98	1000	30502.0	80
RNG	98	1000	36658.5	80
GG	99	1000	31632.5	80
RNG	99	1000	38968.5	80
GG	100	1000	26478.0	80
RNG	100	1000	34418.0	80
