name:findAll
functionName:org.deri.nettopo.algorithm.tpgf.function.TPGF_FindAllPaths
1:[401, 292, 57, 99, 243, 347, 325, 206, 138, 361, 380, 297, 402]
2:[401, 266, 288, 181, 100, 375, 326, 353, 160, 386, 302, 208, 4, 60, 402]
3:[401, 157, 200, 140, 396, 86, 185, 378, 36, 139, 21, 298, 53, 402]
4:[401, 188, 318, 389, 148, 207, 239, 180, 115, 29, 44, 332, 113, 390, 23, 402]
5:[401, 259, 223, 88, 221, 263, 309, 355, 194, 294, 300, 92, 362, 50, 119, 276, 402]
6:[401, 122, 20, 251, 278, 132, 244, 311, 117, 187, 14, 219, 47, 190, 391, 363, 402]
7:[401, 193, 382, 242, 48, 256, 177, 308, 280, 317, 51, 90, 42, 108, 165, 184, 225, 271, 35, 55, 299, 118, 156, 43, 402]
8:[401, 170, 186, 241, 19, 78, 39, 322, 114, 131, 262, 233, 158, 151, 159, 296, 368, 372, 350, 392, 285, 402]
time:0.169
pathNum:8

sensorNumber:400
name:findOne
functionName:org.deri.nettopo.algorithm.tpgf.function.TPGF_FindOnePath
[501, 419, 202, 206, 403, 260, 87, 269, 173, 183, 363, 81, 502]
hopNum:12
sensorNumber:500
